 j = sqrt(-1);
 matrix = sparse(9);
matrix(     1,     1)  =        .0500 + j*(    -16.6659);
matrix(     1,     2)  =       -.0250 + j*(      8.3330);
matrix(     1,     3)  =       -.0250 + j*(      8.3330);
matrix(     1,     4)  =       -.0000 + j*(     11.5470);
matrix(     1,     6)  =        .0000 + j*(    -11.5470);
matrix(     2,     1)  =       -.0250 + j*(      8.3330);
matrix(     2,     2)  =        .0500 + j*(    -16.6659);
matrix(     2,     3)  =       -.0250 + j*(      8.3330);
matrix(     2,     4)  =        .0000 + j*(    -11.5470);
matrix(     2,     5)  =       -.0000 + j*(     11.5470);
matrix(     3,     1)  =       -.0250 + j*(      8.3330);
matrix(     3,     2)  =       -.0250 + j*(      8.3330);
matrix(     3,     3)  =        .0500 + j*(    -16.6659);
matrix(     3,     5)  =        .0000 + j*(    -11.5470);
matrix(     3,     6)  =       -.0000 + j*(     11.5470);
matrix(     4,     1)  =       -.0000 + j*(     11.5470);
matrix(     4,     2)  =        .0000 + j*(    -11.5470);
matrix(     4,     4)  =        .0000 + j*(    -27.6778);
matrix(     4,     5)  =       -.0000 + j*(      2.2222);
matrix(     4,     6)  =       -.0000 + j*(      2.2222);
matrix(     4,     7)  =       -.0000 + j*(      7.7778);
matrix(     4,     8)  =        .0000 + j*(     -2.2222);
matrix(     4,     9)  =        .0000 + j*(     -2.2222);
matrix(     5,     2)  =       -.0000 + j*(     11.5470);
matrix(     5,     3)  =        .0000 + j*(    -11.5470);
matrix(     5,     4)  =       -.0000 + j*(      2.2222);
matrix(     5,     5)  =       -.0000 + j*(    -27.6778);
matrix(     5,     6)  =        .0000 + j*(      2.2222);
matrix(     5,     7)  =        .0000 + j*(     -2.2222);
matrix(     5,     8)  =        .0000 + j*(      7.7778);
matrix(     5,     9)  =       -.0000 + j*(     -2.2222);
matrix(     6,     1)  =        .0000 + j*(    -11.5470);
matrix(     6,     3)  =       -.0000 + j*(     11.5470);
matrix(     6,     4)  =       -.0000 + j*(      2.2222);
matrix(     6,     5)  =        .0000 + j*(      2.2222);
matrix(     6,     6)  =       -.0000 + j*(    -27.6778);
matrix(     6,     7)  =        .0000 + j*(     -2.2222);
matrix(     6,     8)  =       -.0000 + j*(     -2.2222);
matrix(     6,     9)  =        .0000 + j*(      7.7778);
matrix(     7,     4)  =       -.0000 + j*(      7.7778);
matrix(     7,     5)  =        .0000 + j*(     -2.2222);
matrix(     7,     6)  =        .0000 + j*(     -2.2222);
matrix(     7,     7)  =        .3300 + j*(    -10.9781);
matrix(     7,     8)  =       -.1650 + j*(      3.8724);
matrix(     7,     9)  =       -.1650 + j*(      3.8724);
matrix(     8,     4)  =        .0000 + j*(     -2.2222);
matrix(     8,     5)  =        .0000 + j*(      7.7778);
matrix(     8,     6)  =       -.0000 + j*(     -2.2222);
matrix(     8,     7)  =       -.1650 + j*(      3.8724);
matrix(     8,     8)  =        .3300 + j*(    -10.9781);
matrix(     8,     9)  =       -.1650 + j*(      3.8724);
matrix(     9,     4)  =        .0000 + j*(     -2.2222);
matrix(     9,     5)  =       -.0000 + j*(     -2.2222);
matrix(     9,     6)  =        .0000 + j*(      7.7778);
matrix(     9,     7)  =       -.1650 + j*(      3.8724);
matrix(     9,     8)  =       -.1650 + j*(      3.8724);
matrix(     9,     9)  =        .3300 + j*(    -10.9781);
