 j = sqrt(-1);
 matrix = sparse(6);
matrix(     1,     1)  =        .0500 + j*(    -11.0104);
matrix(     1,     2)  =       -.0250 + j*(      3.8885);
matrix(     1,     3)  =       -.0250 + j*(      3.8885);
matrix(     1,     4)  =       -.0000 + j*(      7.7778);
matrix(     1,     5)  =        .0000 + j*(     -2.2222);
matrix(     1,     6)  =        .0000 + j*(     -2.2222);
matrix(     2,     1)  =       -.0250 + j*(      3.8885);
matrix(     2,     2)  =        .0500 + j*(    -11.0104);
matrix(     2,     3)  =       -.0250 + j*(      3.8885);
matrix(     2,     4)  =        .0000 + j*(     -2.2222);
matrix(     2,     5)  =        .0000 + j*(      7.7778);
matrix(     2,     6)  =       -.0000 + j*(     -2.2222);
matrix(     3,     1)  =       -.0250 + j*(      3.8885);
matrix(     3,     2)  =       -.0250 + j*(      3.8885);
matrix(     3,     3)  =        .0500 + j*(    -11.0104);
matrix(     3,     4)  =        .0000 + j*(     -2.2222);
matrix(     3,     5)  =       -.0000 + j*(     -2.2222);
matrix(     3,     6)  =        .0000 + j*(      7.7778);
matrix(     4,     1)  =       -.0000 + j*(      7.7778);
matrix(     4,     2)  =        .0000 + j*(     -2.2222);
matrix(     4,     3)  =        .0000 + j*(     -2.2222);
matrix(     4,     4)  =        .3300 + j*(    -10.9781);
matrix(     4,     5)  =       -.1650 + j*(      3.8724);
matrix(     4,     6)  =       -.1650 + j*(      3.8724);
matrix(     5,     1)  =        .0000 + j*(     -2.2222);
matrix(     5,     2)  =        .0000 + j*(      7.7778);
matrix(     5,     3)  =       -.0000 + j*(     -2.2222);
matrix(     5,     4)  =       -.1650 + j*(      3.8724);
matrix(     5,     5)  =        .3300 + j*(    -10.9781);
matrix(     5,     6)  =       -.1650 + j*(      3.8724);
matrix(     6,     1)  =        .0000 + j*(     -2.2222);
matrix(     6,     2)  =       -.0000 + j*(     -2.2222);
matrix(     6,     3)  =        .0000 + j*(      7.7778);
matrix(     6,     4)  =       -.1650 + j*(      3.8724);
matrix(     6,     5)  =       -.1650 + j*(      3.8724);
matrix(     6,     6)  =        .3300 + j*(    -10.9781);
